00110111110001010101011011010000
10000100111101011111001001010101
00000010110111100010000101001001
00101101111111110110010100001110
01000000101110100000011000001011
01010001001011011010110101010010
01110010111010001110011100010101
10100011110001110101100000010001
10011011110110000100011011100000
00110100011101100010001111000110
11101000111110111011001101111100
11010000110001001110000101000010
01100001010011111100010110110100
00101101011101110000000111011011
00011001111000111111011010110011
11100100100000101111100110101000
10000000110101010101101101011001
11101000100000110110111000101110
00011011010011011111100111111110
11000101111010100100110110000110
00000100101010010000010110110010
11011000110000100110001110010011
11000111010001101100001010101010
01111001100011111010011101010111
10101111011000011111100110101011
00000011111100001101100110101110
10000101011010001010111000000111
01111001010010111000101111101110
10010100101101000110111110111010
00011100111000110100001101001111
11011010001100000110111110100101
01010000001000110100011000110111
01100001110010001011010101101110
11101000001010011100001101001100
00111001111001111111000111101000
01000010011100010110010111011001
00011011110000111100011010010100
11001101011110110000010101110011
00101011001001001110100011101000
10011101110010100111000101111011
00100011001011101011010111110100
10011100011101010100001100111011
11010000001010011100101101010111
11011100011011110010001000010010
00111101100000000100110010010101
10100000001010101011111011000101
00001101001001010011100110101110
11101111011110001001000011110001
01100010111101110010001001010011
00101110100100110010001011001000
10010000011111111101101111111011
00100100010111110000011001011110
00011001110011101000101011000011
01101001111010011011000000000001
00011101100010000001010011101011
00000100010110111001000011101000
11111100000110100011001001000011
00100010011010100110110100100001
00010111010001000000110000111100
11100100010011010110000010100111
10100100110000011010101000111110
10110111101011100100100000101010
00011010110000011110011100011000
10110111000011110101110101011100
01010000000101110001111110011111
00101010001010100000101001001000
01101001000010111000100010000101
00111010010110010110011100001101
11001000110110001110001110100100
00011011100001110101111110000011
00000011101010010110100100110110
01000011010010101111100111111010
11111101011111110110000110011000
00011101100010011001010101101100
11110101010110010011110110001101
11011001000010100010011111100100
01100010100101100110011001110100
00111001100110100011110000000010
00111011110100111011011101100101
11101001011011110111001111000010
11101100011100000111101010100010
00100100010111000011011000110101
00010100110011011000010100100110
01010001011111110101101010100010
01010011001000010011011001010101
00110101101100011101110100101110
00101100101000101011011111101110
00110011000110101111010100011001
00011001100100100111111000011001
11100100011011000010000001001010
10000010100111110111000101011011
01010011011110001101001100101011
00110001111101110110010110010110
11100001110000110110101001011010
11010101011011100110101110001010
01000111100000000011100110010100
00010111100010010000101101000110
00100000110111000110010100000111
10000100001101101010001111001111
11011011111101001111011001111000
10111111001110110110011100000011
01110100000100011000100100010010
10011111011001101101111000000000
00000100001110101010110011011111
01101100100101111100111000110001
11101101111101110010001011011011
10011111111101100000011110001100
01110001011010111000010010111000
01011010101011110000000001000110
01110011111000110000011111010000
00011000110000011000110001000001
10001100010011111101000011100001
11000110011100101000100001011010
11000101111011100111100110010101
11110101101011010010110110001011
10011111011010011010010111001000
10000011000110010010111111110001
10110011001011010000000101100000
01000010101111111000101001000110
10110111101100001010100010010000
10100100100100000100001011000010
10010111001010100100001111101001
10001010010000110001100101101000
10110101010001110111101011001010
11100110001011101110101010010010
00110100101000110100111110001001
00100011000110101011101100111100
10001011011010100001111000010010
01011110110101110010110101111111
01011011011000111101010100110010
00011101011010110101001010110011
01100001001101011001110000001101
00011101100101110111111011010100
11110000011100100111001011011011
00101111110011111110100000110100
10111001001111010111011010100110
00101010100000110110100110111001
01110101011001100111010001111100
00111110111011111010111001011111
11111100101100001111110011100110
01001110101110001001000001110000
01110000110000110100011000010111
11110110100001000000000110010100
10111000000000110010001111000101
10111100011011111101001111000000
00111011101110010110010110011000
01010101111000011101100010010101
10001010000100111010111000111000
11000001001111000010010011010001
10001111010110100110000100001111
01000100100001101001110000111010
01000111011110110010010101110110
01111010011010111011100010001000
01100001100101010100010001111111
01100010101101000100101111101000
11111101011100111111101110010011
00111100011011111000000100100100
00000000101100100110110011010010
10100000011100011101110100101111
11010100100011010000101101100001
11101000000100101101110100100010
11101001010100000100001001001110
10000011011000010010000110100110
01010010111101101110100001101000
00100111001000011110111111010011
00010110100011001000000100000001
00001010101010011101110000011101
10101110010100101101001111110111
01000011110001011100001010011001
11011101000110110110011010101101
11010000011010111101111111000101
00111110010010111111110000011100
10011101101010011000001010100111
01111010001100101110010001001101
00011000001001000100010111001111
01110001010110001110010100000110
01010010101110001110011110001001
00101001101101100001011011000101
11100100111001001001010000100101
00010110111101100000011100000011
01111100001100010110111110010110
10101000100001011001000101000000
10010010111111010000001000111011
11110110000011101111001000110011
11101110010101110010111100101001
10001111111101101111111110000000
11010111001001111111011000000100
11001100001110101011100011010100
01000100111100111110111110111100
10011101000100100111001111101100
01101000011111101010010111111001
10000000010110000010101000111110
11110010100010010011101111100100
00001110010100011000000101011011
10101100111000111000001101110111
00010101001110101110001010100111
00101101011100011110011010100111
11100000000001011010010101001001
01000000001011000010000111010001
11010010010101101110100011000101
11011100100101111001000001001001
00001100000001000011011010010110
11100100100101110001010010000011
10101011000000111000011011000011
10100011001011110101010111111010
11101101001010110100000010101111
01110101101010110001100110100100
10111001100000001100100001100110
11001010101100110010110100011000
01111101011110100110110010101101
10011111011101001100100110001001
01000100011100000101000111010000
00000101111100011111111010110001
01100101110001101000100001110101
11111011011111110111011110110111
00011100001000001110110001000001
01111011110001111101000100110111
00011011110010011101010011011011
10111011001101001110111111000010
11110100010111000010101000111001
11011100111010101111011010001101
00100010101011011110101110101010
11100111100101011110001010100000
01011110001101100001111011100001
11001110010000010011010000001101
00010101111101000100010011100100
01011011011111101010000101011110
10010000011001110110000011100010
00110111010000001101011110000001
00001101001111100100110111011111
00100010110110001101001011010000
00111111001011001110100110010010
10001001110001001111010011011000
10100100011000010010111101001010
10101100100111110001000111001100
01101010100100110101010101100110
01101110010010101000110010001111
10111100011010111101101111100101
01000101110111011100111000110001
01110011010010001100101100111101
11110111111111101101111101001110
01100110110001101000001010101011
01000100001100101001110111010100
01011011111100111000100010101010
10010101000011111010011111000110
11101000111011011000001101001110
00101111011100000011110100000011
00011100100001101001011011010111
00011001110111110000111011100001
01100111010100100100110000101010
01110000000001100110001111010111
01011101110011111101101011111101
01011101010101101000110110000001
01110001000000011111011011001000
00111101001001001001010000010001
01111110111001111001011100101111
01000001100011100111011111011000
01010000010100000110111011001111
11101101011101101000011101010100
00000110010011011000000001101011
10100101111111100011100111010100
01011001000110101010110000110101
11101100000100111111000100001001
00001110111100010111010111100001
00110100011101000000111101010010
01100110100100000101010011011100
01000111101011100111011101101010
00011110101000001111101101001010
01000110101001101101100101100100
01011100100011111100111000010100
11010111110111110100001111010010
11000010001011100010001110011001
11011101111000101001100111101110
10001111101010111111011101010010
10100000000011011011111101001001
10110110110011101010101101000100
00011110001110111110000101010100
00100000110100110001100001110101
00100110110011100111011001101000
01001001010101011111001000001111
10011111101001001000101000010010
10001110100011010011111101111010
11110101100101111111001101010010
01011010101010011110010011101001
10011110101001011011001101101000
01101010101110011000000101100000
11000110000000110110000001110000
01111001011111110100101001101000
10001101010110011101111010010001
01000011111011111011100100011010
10001110100111000100000110011110
10100101101000110100111000011000
00011000001111100011111111010101
00001000110010111111011111000111
01010110011000101011001000111101
11110100111100001101000100111001
10101011011000110001001010110111
10000111111101110010111110101011
10000101001111000110100100101010
00101110100110100001110101110100
11000000001011011100100101010110
11010111000010111111000101100010
10111110001000010101111100010100
01110101100100111011000011010100
10100001110100101011110111100011
11110100000010000100110001000111
11001111010100111111110110110100
01001100011011011001100000100110
10001101011100010010110010110010
10001001011110011101111111001010
00100010111110010010111011100011
00011010011110010100001000101001
01110111010000011001000000111110
11100011111010100011011111001100
00110010111101111000111000011011
10010011000101110101100010111101
10000000101011110011011000010011
00111100110100101110011010100001
00111101011000110100001110100011
00010000001110001011000100010110
01111000100011000100011111110001
01011010010110010101010001010011
10010101001101000101011101100000
00101011110001110100001001010010
01111111001111001111001001001100
01110011001011100111110010100101
01101010010110100101000110110000
01111100100111011111011011100001
11000101010101101001100010110100
01001110100010111010101001000111
11111010001011011100001011110010
01100001100101010111110001100001
01100110111010110010011110101010
00010000011001101000101010000101
00010100110010101001000100110001
11000100010010011001010010010110
10001101001011100000111101010111
11011100101101001111110001000000
01111011001101010011001011011101
11101001011000100010000110111101
01011111011000011111010010101011
10001010000000000110100010011110
00110011110001011110110101101011
01110100101111101110011001111000
11001110100010010010000001001101
00111101100010111000001011101001
00010110111110101011010110110011
00110110110010101110011001000100
10110000001111010100100001100010
00000110010000000000111010100110
11101101010010101110011111111100
01100101001010101001011001101000
11001001010001010101110100000000
00100010010101111000100001010000
00001011011010011001000010001011
11010110010000000100011001110001
01001100100100101010010111010101
10000001000000111011000111000111
00001011110011010011011110010000
00010011000111010111100010111111
11100000010010110110100101111001
11101000010001111111100110101001
10100011001100000100010101001010
00000010101101011010111111101101
01111110101010110110111010100010
11010111011100101000011010110101
01100000000000011110100110001000
01011111010011010000000101001011
00000011100110010110101100101111
11101000000000001000000010101001
01100111011011001100101001101110
11110111011100010001011010011010
10100000111001101001011000100001
11000011000101100110111010000010
00011101010100010001001111100001
00010001001010110011101110110100
00000010110100110111001000111010
00011110011111101010011011100101
11110101000000101011101110011110
11000011010100010100111011011001
10010110111000011100111101101001
01110100110111110110000011101011
11101001000010011100111101011110
00101100100001000111010001111010
10101110110001111101011010101101
11101110111111001001011110101000
10110001001011000110111001110100
11100001110001001101000001000110
00101101100010010000011100011011
00111100101001111000011111010001
00100011001101000110011010000010
10100111111000001001011010111100
01110011010010101010001101100101
00011111000001010110101111111011
10000000001011011001100110010101
11110111000101010110000110010011
00010110101010110011111000000111
10000101101100100110110010001100
10001101101111101110010101100110
11110101100011111111111101110100
10001001110001011101011111110001
01111001111111101011100101011101
01100100001010011011110100101110
10010010100100101110101101010000
10111011000111101000001111110000
01100111010101100110010001111100
01001001001110011000001111011011
01000000010010100011001011101011
00001010111001010000010010000100
10010011110110100110001111101010
00011000010000111001010000000011
10100010010111011011111101011100
10110001011110111110010001000010
00001000010001111100010101010101
00011110111011110010111000011001
11101100010111001000100101111010
00111011110000100101100001111111
10000011011100111110010001011000
01101111110111101100101101101110
01101001001000101101111000000101
11000100001001001100001011011001
00010000111001010011111101010010
11111010001001110111001010010101
10000111101111000001001100100111
01000000011101111111100111110000
11011100000111110001101010010010
01001011010011100111011111001011
01100111011111111001110001101111
01000100110001010001001111011000
01111100011010010101100011010001
01010001011001010100001111110111
11101000110111000101011100101010
11011100100000000110010100110101
10000100010001011101111001001001
10000001011101001100010100100110
11111011001010111011111000000010
11010010110110110111000010001001
00111101111000111000101000011010
10000111011000111000001011010000
01010110011101011011011011001001
11000100011111010111100010101001
10111000110100000011001000011110
00010110010110101100000100110101
10011001111010000001101011001101
10110001000000111100110111000101
10011010011110011100101001000010
11101101011001011111011011111111
10011111000100010011100010100001
11000110001110100011111111110011
11001011100111100100010011010000
00101011010110000101111100000100
11011100001111100011011011101100
10110001100100001100001001111011
11111011110010110000101001100010
01111011001111011010011111111011
01101010101010010101101010100001
01101010111000101110100001000100
10110110101011001010111100111100
10100100111101011100101010101011
01000110000100100111100010001101
00101100010011001001110001111111
01100100011111011001100110000011
00011000111111110100101100101101
10111011100001101110011111001011
10000110111100111110010000101100
10100110000110001001100011001101
10111110111100011011000011101000
00000011101011101110000010111000
01011010111101111000110001111010
11110000010101000111111010101100
01101111011101010010011100110000
10010110101101100100101111100101
00011100011011101011000011100011
11011010100111011101000000100111
00001010011011100010011000111101
11110111010000000011100001100110
10111100110010000101100100011000
01101010111001010101101111111110
00000101100100010100111100001011
10000001011110001010100001001110
10110011101001101000100111111000
01100000011100110011011110100110
01011001000111101100101010101111
00111110011001010000010010000110
10000010110100110011001101000111
11111111110001111110101100100100
10010001010001110000001001010011
01101100001110110110100110111000
00110101111101010100101111011110
00100110110111011101111111011101
00011010111111100000111001000000
00001110011011000001010001001100
01100001100000101111111111011100
10110110000111100111100111101110
10000100000100011001100001100111
10100100001110100011000110100010
10111110100001111000011101101111
01100100000001000100000001000110
11001010110000100010000010111101
00111001011110011001101111111100
11011011100111011010110011000101
01100001000000001011100010001100
00101011010010011001011011011100
11000001100000010011001101011110
00000100011100111110001011010011
00001011111100100000010000111100
11001010111010001100010001100011
01001111000101110111001011000000
10001100110010111100111110110001
00011111000010001000110001011001
00100001001110101101100100111111
01110011100111000110100110111111
11101000001100100010001010010001
10011010010011110010011001010000
00100000000010110010101000001111
11001010111011010100001001110000
10001000110110110101001001011101
01000010010000000100001011111110
10110110000000111011010110011011
00011010101101010010111110110101
10100101100101110110111011110001
11010010101000110111100001100100
10001111111010001111011011111010
00111010111000000101001001110011
11110111010111011011111111110000
00010101011100011001010100101100
00111101000011101010011101101100
01000010010101001010001111010111
11100000000010111110011001100110
00010110111000101110100110111010
01100101111101111101000111011101
00101110000110011110111101101101
00100101011101100011111101010111
01101000100110111010000000001111
11101011001011101101000101001000
00001101101111110111111001111011
01111001110110010011011010110010
01001101111001100110111111110010
01111001010010111111110011101111
11111101110101000001001101111100
11011000000001110010100101001010
11111100100000000000110111011010
00000111001011010001001000011011
01101111101001001011110101011111
01111011010111000111100001000100
00101000001000100100010101011011
00011011101001000000111110110101
11101100111001000001111010011111
11011010101011101001101001110010
11010000000110001011101001001001
00001001011101100000101011110101
10010001111000101000101000000011
01101010001111000000101010110000
11100101011110101001000011010100
00100011011100101011101101011001
01100100111011101010111101100111
01000010010111001000110011010100
00011000111111010011100011110101
10011010101100111100101100001111
00100111010010010011011111111101
00001011110100011111000100111001
11100111110001001001111101101010
10110101010000101110011000010100
01011011101000001111101011100011
00011001100101010001111100100111
01010001110001100110011001110001
01001010011100010100100111111100
01111001001010100111000101000110
00000010101110000000010101010011
11110101010010100001001001000000
10011000001011011010110000011110
00111101001011001001111001011100
01000110010100110110000100110011
00110110110110011100111100111100
10011110110010101011101010110000
01100100111001000010111011010100
10001111110000111000101100110111
11001101101000011001000010110100
01101110011110011110001100011110
01110110000111001000101100100010
11011001010011011111111100111010
00101010011101010000011111110011
10011101100011111010000100000011
00001110111000110100000001110101
10010100001100100111001000010001
10010000001000111111000001000011
00101111110101101011110110010000
01101010011111010100001100000010
01100000011001010001000000001001
10000111010100000111011000111110
01011111011011110010110110111001
10110001101100001111001011001000
00101011001100010001110110100101
11111010111101101010101100000011
11110110100010100101001010011101
01000100110011001101110110100010
00010111100011110001110001111101
00100110001001011001110111100010
00100100110101111110111111000011
11001111100110101000001101000000
00000001010101110101011010111000
01011101001011001000000000100010
01111111100111001101110100111111
00100001001111101010010101011101
01101001101010111000010011100011
10100000110001100011111000111101
10111010101001111010001101010110
00010010101110000010011001100111
10010011010110111011001100110001
01000001011011011000111111000110
11000011101111011110000010010000
10110101010000110011000000001011
10101100011001001110101101111010
10110010100011110110011110101000
01101000100010001101100110001100
10011111101111111001011111000111
01111101111100010011000011011000
01011110101111000100111101101001
01111011000000000010110111100100
01110111111000011010111000110111
01000101000001111101110010001101
00101110101010010111111100110101
00110000100000110110110100000100
10110111111011111111100000010111
00000010000110101000110001001100
10000010001011110101011110101100
00000111010000101001001010100010
01000100111101000011111110110101
11110000000100110100001001011110
11110110011110100010000111010000
00010110011011011101010011110011
10110101000011101000010110011000
01110010110010111011101001101000
10010111011000110111111110110010
01100111001000111100111101011110
00110000010110001100010011011110
01110110110101100111000011111100
01101001011000100111001100011010
01010000010101101110100011110111
01100111111100000111100100100001
10100100011100010010101101100010
01000000000010000000110011000010
10101000111001000111011100001000
01001111110101100011011101111100
01011101010000010000101011011100
01000011100010001110001000000111
10010001100110011101101010111010
00110000010101111000101000000111
11111011111011111111101100100011
11011111010100101000110100101011
00100000000000110001001100110100
11100001010110010001101101010010
00111111011101111110011111111001
01111111011100100001010011101101
10101010010101010010000111010101
10101100000001011100101001000011
01001111100101100001001010000011
01001001100110010010000101010001
01100101110001111011110101000001
00101111001101111011001110001010
01110101110000101001001100010111
01100110001001101001000101101101
01001000101101101001010000110011
11000100110111001001101010000110
10011111100110110010101100100011
00011010111110001101000101010000
00010001001101101000110011100110
00100110010011010100100000101101
10011001010011111101010111011110
10000010101011111011011011110101
00000111001001111111100111001001
00010111001001101111110101000000
00010111010100011111001001001110
00100111001001000001111010011100
11101010011010110111010101101101
11110111100100101000111001010011
00000111001001011001100111001110
10010000101101111110001110111000
00010110101110001111001111110101
10000001110011111011101100011111
11100011101010000110001011111000
01110001110101010110110111110000
10110011101010011010110100110100
10010000011010000011101010111010
01010110100010100000011001100010
10110101000011110001010011010100
11111111011000111001011111101001
10110010001000000011000010000100
01100101101011110111111001000101
00111100000110111101000000010000
00111001110101110011110000001100
00001010011111011100001010111011
00111010101101010011100101101010
10000001100011101110011100001111
01100011000011001000011111110100
00111010111111101100100111011110
11101111001010010111110100011110
01111100100111110011110101100111
11001001111111111110011011110011
00110000001101011110101110001010
00011110100010101010000101110110
00110101101010000001011000001111
11000100101100110100101100010110
00010100100101110011001000111100
01011101001110011101110110000010
01001010010111101010110111001001
10110001100110000000110001100101
00111111100000010100111111010111
11001110110100101111110101000110
00101101100010111110001000110011
11011110110101101110010001000000
11011101111111111110010000100000
11001111011100000100011001101110
11000001100000111101101111011100
11100110010110010000101011010001
11001010011010001001100111011000
01110000000110110111010111101000
00110000111000001000111110010111
10001110111000110011010111101100
01110000101111010001101000110110
11001001001000000000011010000100
11010000110011110000011101010111
11110100100001010110001001111001
01101001110010111100000111101000
10100110011101100010111001000011
00111100110110000000000010001011
11100101001010000010011111101110
00100011001010101110011010000111
00001011001001110010100010011001
01000010111110000001001111000000
10110011100010011010110000110000
10110101010101001101011101000110
11101010100101110000110111011101
11101001111100010000111011100010
11001101010110100011110100100001
10000110010111010001011111001101
10101010000101101111001011100110
10100111101011011001111001110110
00111000010111110011000010101101
11110001101011100110111111001001
01011010010011010100010111001100
01101010001111101100110111001001
00001111010101101000111000110100
01100011000111011100010000110011
10011111110111101000101101001011
00011011001101000001011001011101
10001111001001010010000001001000
10010110001000100100001111111100
00001011110010001000100001000110
11101001110000000111001101111110
10111001000101011001010010001011
01010101110110110101101101110100
01111001010111111000011000000011
11111010110001100011000101000010
00111110000101000111110101110000
01110000100101100101100010011011
11100100011001011010100011101100
01011010111001000100110100111001
11110001100101101111111110010011
11110111111100111111011010000010
10010100011111011001011101010010
11110000010110101001110101110010
00010101100111101101010110011000
00100100001000110101000000100011
10101100101111101010001100110010
11011110001110110011101001000010
10101101101100001011000011101110
00111000001111111001001000011011
01001111001011010100110101110011
11010111001010101100000011100000
10000011100101110100001001110001
11011110001100111010100001000101
11010010000100011001100100011101
01111000000110101010111011100111
11010111111000110100000000111110
00110111011111011011100101011011
00010000110111110011100010101010
10000011111011110101101111111000
11100000111011111010100100010010
11000010101101110010001101001100
10100111111011111000010100100100
00011010011011000011111010010001
00000010010111010001011001011001
10111011010101111111100001000100
00011101110011100000001111010011
11010010011010111111110101110101
01001000000011100011101001110110
10101110000110101101000111110010
00001001111110100001001001100011
11111101101001110101000000110111
00011100000100011111101111110001
01101111000110001000100001110111
00010010101010011100010010111011
00010111101001001111001100101101
00010000110100001000001010100110
11000110110110011110110110111110
10101101001001100001101100111011
10000110101000011000111001111110
01001101101000010100101111010010
10111011101010101011110101000101
10011100001000111001000101101110
10011001110010111110111001000110
00111010111111011110101100011011
11101111111101110000100111100100
00010011001111101010110011100100
00010100110000011000001001010010
01100011011110000100001001111000
11111000111001000101111110000011
00011101011101100101111001000010
01010110001010111111001110100100
00100101011101000110000010110010
01111110111100010001001110011111
01111111110001110010111011010010
01010111101111110000001100111100
11011110001001010000110111100010
00101101101100010100011100101110
11011011010000000101001111000111
11101000000111111100000101011111
10111011100111000111000011011100
11001000010010100110110110001101
11111011111111100100001010110100
01111110011010000101100010010110
10001110011101001010001100110000
10011011000011101111101100100000
01110010111100010100110110111100
00101010100110111000001111110110
10011111010100110110011010110000
11100001100010101000110101011110
01111011110101100011001101011110
01011111001101101100110100000110
10101001101100001110010010100001
01001001001000110001000000110111
11100000010111010001010001011011
11011110100101011110101101001110
11101011000011101110001001010101
01101010001110110011100100111110
10100010111000010011101110001010
01101011101101110011010010001011
00000101010011010111111000010000
11001110110011110000110000001101
01111101110000011011101101010101
11111101001100011011111100101001
01010011110110100101011100101011
00001100000111111011001000100011
00100101011110111111110010010111
01010110010010111001011000000010
11100001011110101000110111100000
11111000101010011000010111100100
01001110011010101010010010101111
01001100101010001011101001111011
00110010001011010101101011010011
00011111000010000101101001101101
01011001101010010110000101000010
01001110010001001000101110100101
00000100010000101001110010001100
11110011111011011101101011001001
11011011000001000010000011000001
11101001101100101011000110001110
00100011010100101111001010111101
11100110100011000111101110010010
10011101011111010011011000110110
01001111011101110001010101000101
01011101000111011010111001110111
10110001011000110010101001001101
11011100001001010100000101100001
11000010010001001000000111111010
10100110000011101110011001011000
11111111110000010001101001100101
00111101010000100100000001110001
10010010001101000111110100111000
00000101101110100100011101010000
01000110011101001110010111101100
11000111111000011011010001111111
00100001010100110100000101001010
01111100011001100100110011100010
11011101100101100101011011111111
10000110001111110101110101011100
00111111111001001001110000010011
10011111110001110111001011110100
00101001111111101000001100000001
11101100001100011111010010110101
00011001110011110001000000001110
01000001100001111001010011110100
00111100011101010110001110110001
11000110100011000111011011101000
10111011000000110110001100001101
01111100101101111000000100100100
10000000100101011001001101101000
10101010010101111011110001100011
01001100111110011110011111101011
01010100101100010101010110110101
10110010101101001110101101000000
11001100110100110110100110010000
11101001011101100110110011001010
01110010100110110111010000111110
10111111111111001001011100110011
11000001101110001001010100011100
10010111000100110111011000111110
10000110010010111100101001111010
00101110100111001011111110001111
10110111011001100001101010000110
11100100001000110101110100001110
11110111010101010001010010011011
01010010111011110010010010100110
10001101001000001110011101000001
00100000110001100111100101111000
00000111000010011111011100001111
11101101000101001101001100101100
11101000011110000111101010111010
00101101001000011101011101000001
11110001101101111111100011011001
00011111010100110110111110110101
10110110000001000100000100001011
00001101001110001100001101101010
10101000101111101111010011110010
10111000111110100110110110011000
01110011100111100101001000001110
11010001101100101001010110011010
11001111001000100001010010110010
01000000001111110000010010001100
11111110011110111010110110101011
00000011100010100110010001001100
10111110111010010100010101110000
00101111100010010011101000001011
00001100000101100001111010001001
00110100110000101000000001010000
01100100001010100110011011101101
10111111000100111011100110110000
11001001011000001101110100110101
00001110001011010001000001001100
01011101111011000111101100100010
00011001001111100111100111000010
10010011000010001111011100001001
00011110001111100100100110000100
11101101100101101011010111010011
00100001011000100011011111111111
01000001101100100010111111000111
01110010100000011000001110011011
01001001001000010101011110111100
01011100010101000011111001001010
00101000100101100110010000000010
00001011101100001100010101010101
10101100010011010111001000111101
01101001111001010000110010100000
11011011010000000001000100011011
11101000000001011101010100111011
00010010101110010001111101001110
11111100111001101000011001000000
01100010011000101101101011011010
00100111101111001101011100100010
01100100000011011100001000101110
00010111101111100011110001001110
01011001001111111000100010010000
11100111011000001100010100111100
10101011101000011011000001101000
01000101101001100011110010110000
01100111111111011011101001110100
00011111100110000111100110100001
01011001110010111101010010010000
10011001100000101000101010010110
11101001111000011000000110111001
11010011101110001001001011001011
10011000110000100010111110100010
10100001000100100010100010101000
00011011010010011010000010110010
00010011000100010111010101101011
01101011001110010000101101010000
00101101110101111101010011001010
10000010101100111111110000111010
11000100011010111100111010100110
01010011000011011000000001000010
01111000000110100010000101111010
01111010011100011001011111110010
00000011011001011110001000001111
01001001100010101101100111000111
01100010111101011101101101101010
11000000100111000101101000100110
00000101011110111101011010110001
00010011100101010011000100011000
11111011001110101100111011110111
10011011011101011100010000011011
11010000011110010010001010000100
10011001011010010011000010110110
00111110100000001111000000101010
00110011100110110010001010100111
11001011110000000000010010100110
00001000110100111011110110101111
10100111101101011001010000011000
01001100001100101101001000010101
00111010110001000011010100001000
00001000101110010000010111010011
01000111000100100001111111110101
10011001000100100110001110011000
11001011000101110100111101000011
11010110011111110100001100110000
11101000100001011110100000101011
01001001001010101010011100111110
11100000100010110001010110010110
01011010010101110101100110000011
