00011111000001111010100000000111
01101101010110010010101110110101
01100110111100001000100101100111
11110110011011000000110101011010
11101001110000010110111011100001
01101000000000100011101110000001
01001100001111110011001011110000
10111011001001010101101111000011
11110101000010111000011101000000
01010011000111111101001001000001
01110001011110111100111000000111
01010011010110010101011111001110
01101111100100111111011111000100
11000000100010000001100100100010
00111001111110011101101111111110
01110110000000111001110101101100
01001110101110111001010100001111
10010100101011111100111011000100
10100110110000000001010100101010
10000011111100101111101011111000
00000100011011110100010000010000
10101010111001111001001111101111
10110000100101000001101111111101
11111010100101001101100101001010
01010011100010110000101101011110
00110010001010100010101001111111
10100101001001111111100001110001
01100111111110111110010000110101
11011110001101110010110101101010
00110110010001001010011110010111
00100000001111111000110010001011
00011011100011101010100001111100
10111011110101000001101011110101
01001010001010100100011101010000
01101101010001010010110111001001
10111101100001011100111010111010
10100101000010011111000000011110
01010000000100001010010010100001
11111000111101000110111111110000
11111101110101100100001010111010
10111011111100010110010000011011
01101001111001101000100101001101
10110111010111111110010011011000
10011111110111101001111011111101
00000010110111001011011100111111
11000011001010011110110100010011
01110000101011010111001000011111
10010110001001010010010101101010
10011110110000011001000111001010
11010100011100000100100111110011
10000001000101011110001101011001
00011011000110000001011100101010
11111100010010001011011000011001
00100001000001000001111001101111
00110111001000101110111110100010
11000101011000101000110110100011
00011111000111111110100001001110
11011101010100100100010111000110
01011110000101111010101111001011
11101011101111101101101011010111
11000010100100010011100100101001
01010100011100111010101100011000
00111011011000101001010101011010
10111001000100100010010011010101
00111101111110011001010110010011
00011101001000001100101101111011
00011000101101111001101011010000
01011000011000010011110100000010
00101010100001000111011100011101
00101001100111100000111101011110
01010001011100010011110101000001
10011011001110101010111111111100
00100111101011100001111111000101
01110011010000110011001100000011
01110110101101111101110111101111
10110000111111001011111101110010
00001100001111101000001010000111
01010000110100100100110100100111
01110110101101001110100100001000
10010001101100000111100101101100
00101110111101101111000111110100
01111111100101110011111000000110
10001101110110010011100110000011
11100001101101000110011000110110
00011101111010010010111101110101
00111111101110110010101001011011
00010000101001110110011100111011
10011001101001011111000101111010
11000010101000101110101000111010
11101111010110011001101110000011
01111100011101001111100000101001
11100001000111000011001111001101
10010000000000000001100111111011
10011111000000101111000010101101
00010000000011100001101110101100
10001011110000111111100001111001
01000110010010011100110000110111
01110010100000000001001000100011
11010001001101010011101011100010
01010100010010101110011111010111
11010000100011000010101000110001
00100010111011100100101011000111
11001001110111100100100111110001
10000101010111100000010100001100
10000001001000010000111001100011
11011100110000100000111010100010
10101101011111010100011000011001
10111110010010001001000010100011
11001111001100010110011111101011
10110100010010101010110111111000
00101111101000001000001111001100
01000000010000010001010001101101
01011100111111110000101101110111
00010100001111011000100101110001
10001010010001000110111101111011
10100101000111000100111001011001
00111111100010110110000010111101
10100001001101000111000101011001
10110101100110101101111100010000
10000111001001011011111001101111
10010100101101100000101100000101
11000000010011111010110010100001
11110100000000000011100001110011
01011101011001001110011010100011
01001101101101000110010101110001
01001000110101101000101011000011
11001100011101010101010001100100
00001111011000010000100011101001
00010000010101011010000110000011
00110011001010100110000001010111
01100011011110011000000101100101
10110010010001110111101110011110
00110101111001000010000000110011
11011111111000100110111110101111
01100001111111011011011010011111
11010101110100001001000011001010
00111100001010101100001100010001
00100010001110010111100001100101
10100110100000001100001100100111
11001011101101010101101101011110
11110011100111000000101011011110
11110110010111010110111000011111
11011100001011101110000111011011
10000001101000000011101001011110
00101101001110101111110101000001
10100100010011011111010111101000
11101111100111101110110000000000
01110100100100110100011110001011
11001011000111100111011100100001
10001100101100110101110111110110
01110010000011001111111101101101
00110101110010000101000011101101
00111101000100111111010101101011
01010101101100110110101011100100
00100101110010010001111100011111
00011000000010001101000100000001
01001110101010111111110000111100
11100011110100110100110001010000
11011110111101000110011101001110
01110011011110111110000100110100
10101110101101000100000101111000
01100101011100010000100101110100
00111011000001010001110001100100
10101100101110011100011010001010
01000010000101000110001110011111
01011100010101100011100001110010
10101001100010010000001110000001
11110010100011100001001110111001
10110100011000101111000000100010
11100110011001000010110111111000
01001100101100001000111100100111
10101001110010110000110111100011
10101111101001110100001010110101
01010111001100100000011111101110
10101111000100110010111111010101
11001010001011001000000101111101
01111010001101011000011111000010
10001001011001011110111010110111
00111110011010001011011110011101
10110001101001111100001101011101
00000110000100010011011011110110
10101111011111111111001001100111
01010101011000010101110011000100
11000101011101110110100001100111
01111101010110110101001111101001
01001001101000010000010100010110
00000101010111110001001011011001
11011101011101111111000010010111
10101010010010000111011000101100
10010111010101001000101011000011
10001001011111100101101101001001
11001110001100010000010101011111
00111110101011101000110111100001
10111011101000111010111011110001
11111010000011001001000011111001
11110101101001110110010011000110
11110000110010000011001111010000
01010100001111001111110001010000
10001010011000101011010101010100
10000101110110100110011100100110
01000001001000111000010100100011
11101100010110010000010101111001
00000001011110110100110101000101
00011011010110011011111100000010
10111111001110010000010011010110
11111101000110001111011111011000
00010110010100010100010110111011
10111010000101010100101110110010
10010011110000101100101000011100
11000000010100100110111010000010
00010100110100001110110010001010
10010011111101000111001011111110
11010110011011000110010001000110
01000100111010110011111011101001
11011011101010101011000000111000
10001010000100001101110110000111
00000010100000000010101001001000
01011111111101000101010100111101
11100001110101000000000011100101
11001000100000110011000010101000
10010001001011100100101011100100
01100000100101110011000101010000
11010110011011010011100111000010
11011011000011001011001111110101
00011001101111000010000001110001
00101100000101000000111001010010
00011000011000000100001000001010
10000001000011001101011000111111
00111111001110010100111000000101
11001100001011101010010101011000
01001011110101010100011001001111
01111000100101111010101001110000
10101100100100100100100110110000
11001001101111010011100100010010
01001111010010001010011100111000
10111011100000001111100011011101
00010100000011001010100100100001
01101001111011111010111101111110
10111111011111100001000000011011
01100110010000011110110011100000
11000011101000101001000000011000
11001101011111011001100001111111
00011111000100101010000001100011
00001011100110101010100111001001
11000111001110000110010101101110
10111111100010101110111010110100
00110110001000101011010111100010
00111111110001100110000100010110
10101111001011010110000010101110
00111001100100100100001010000101
11001010000100110111001100010110
01100001011111001100100100011110
10011010010000111001001001000111
00101010000000111111101101000011
11110110100101111000110000100001
01101100110101101011011000001001
00011100101001010011101100011100
00010010001000000000110100101101
10011100010101001001011011010000
10000111110010001001101110011010
01010110011001111001111100011001
01101011110101011101000011010010
01101100100010010011000001000001
01101110110110101111001010110000
01111011100010000001101101010011
11011111110000011000011100001000
00111101001000100100101011001110
11000011111000110010010100010111
11110010111001011100001000000011
11010001001101001111100101101001
11101010011001000110111111110111
00000111010111110100100010000001
10110001111011101001000011111010
10000001011100001010011011100101
10110100000000111110010011111101
00100101111101011100010100100001
01010101100001100100111110110011
01011011111011001110001010101011
10111011010010000011010100001111
00110000001111000010110111110000
01101011010001100111000010101011
11001001110010101100111011001101
00001011010010010100001001100110
00000010100111101011110000000111
11100000110110100000110111100010
11110000100111100100111010011111
01100000100101010100010100110101
00110010110000000010100101011010
10101001101110100000010001100100
01101100100101000100100111000100
10101000100101111100111101110000
11101001110100001011000001010001
11111000010111000111000110000111
11111101010010100110100010001100
10100011100011110000100110110011
11000111000111010000000010011000
01000111110011101000110110001001
01011110001101001101100011011100
00000111001000001011101110000100
00011011110010010010000111001000
00010110001011101000101011010101
11010010110010000010111001110100
01000110011111100000100011101100
01100001111000001011111011110011
11101000100101111011010101011100
01111010000011011011100011100101
11010111100000010011001000010100
00011001100111100110000100010001
11100000111000010101110000100000
11111001011010110101110000111011
10101001001110011101011011111110
10011000000001101110000110010101
11010110000111111010110000111100
01011010110001000101100001100011
11001110000011010000001011101101
10011110001010000010010001001011
10100001010011000100110011111110
01011010111000001001100100111011
00001101011101001011011001110010
10011001000101101110101111000101
10110001011001111001011010011010
10001110000000001010101111010100
10001110011110110110001101100110
10101100001010110110111001100100
00101000010111010100000110110001
11100001111101001000111001001100
01100000000011000111100001101010
10010110001101010010010001010000
00100001111001100000011110001001
00010111010101100001111010000110
10011010010010010010011001011011
00011011010000001010110110111100
10011110001100001011111011011000
11111010011110101101111100111010
00010101010101010000000110100001
01110000100111000101101100101011
00101110011001011110011010111001
10111101000100100110111111111011
00000011110001010100111110001011
00011000000001000000010011001111
10100010101011011011101101010000
01100011101110101100010100110011
11001001100000010000000001111100
10110100010010001111100001011110
01011010111000001011100001110100
11001100001000001100000100110101
10101101001000011110100111011100
00100100011110001011001111100010
10001001111110011011000011101100
11100011011011001101100111001010
10010101010101100101100001010001
01100000100010010101011011000111
01010100000000111110111111101010
10010101001011101111011000110010
01100101001010000001011011000100
01110010110001110001110110100101
11100110101100110000010100100100
00110010110011101100001111101000
00010011010001110110100101000010
00000111101100101101010011011110
00110000011011001110011110001011
00100011010100101111010000011001
01010110111001010100001100101001
01110001110110110101100111001010
00111011100001101000100001100110
11001110111110101101110110000000
01010101110010000100001011000010
10011001010110111100110110001110
00010000111111111101011010110011
01100011101001101101001010111001
11110000001001111110011000000000
11011110110011010110000011010100
00010001111111001100101010010100
10101000000011001100010011110010
11001101001101001000110001011111
01100011110000001000100010010011
11011110000101111001010100010101
10100010101011110111001101001010
01010100110001010011001000101101
11010111001101110100001101110001
11111111000010111101101110110000
01000011010110010110101001001101
00100101011000101111001010000011
01100100100011011100000101110000
00001000101000011110010110001110
00011011100000010011010001010010
01010111110001000101011100100011
11110101101011010001111011100001
01111100100111101110001000101011
11001110101001000011001101100101
01111001010001000101111010110011
10000001011111010000001101000000
01101011111000010001000100010110
01111100011001011010111111010111
01100100011110011111110110100010
01111100010000100100001101111011
00101001000011010011011100000110
10010110011110101101100101010101
11101100111101001011100111010011
11001110101100010001001110001001
00110001110110100000011110100010
00001100011011111000101111010010
01111110101001010101001011100000
10100000100010111101011000010001
00100011110100011100101011111111
11011110101010011011000111110010
00111111111100110101000010001110
10100101100010001100001100101100
00110000111011101110101101001000
01001000010001111111110010010010
10101111111110000111011011010111
10001001111010010001011010000111
00101001101101110001100000001001
01010001100010100111011101010111
10001010101000000011101001101100
11011010110110111101000010000101
10101101101100001111010010000111
01000001101011111010010110101010
10010100111011111001011100111111
10100100010011010111011000010000
00011110000100100100110001100101
00110101011001000000110011011100
00010100000101010001100100010110
00111001110010011001010101001100
00011100010100110001000110001011
01000001110001010010001110101100
01111000110100100010100000111001
10000010111011011001101000010100
01101110001011011011001111010001
11011001011010001100100110100000
01001101000000001101011111011011
00000000110001111001111000100000
10000100011000010000001100001000
10001011111010110110011001101100
00110001001101000101111011001100
01111100110010000111111110010010
01011000101010111100110110010000
00010000100110110110011101111111
01000111011001000000010110010110
10110010100000110010010111111010
11110110101101000001010101100100
10101011010100100010010110011010
01010110110100011010110001001111
11111010001011000100111111001110
00101010101010000010011010111101
10110100111011110100100001110110
11000101001010110001101011000001
10111101101101111000001010110111
01101001111001110110010001101011
00010011010001011001101010001110
00010011011001101010110111100111
00011111011100101010100101011000
10100000100100100010100010001101
10011110000000110011001001110111
11010000110110010100001010110101
10100000000001001000101010011000
00001010000100010100000001011000
01110010001000111011001001110010
00011010011001010000000110101011
01100111000101001010110101101100
11001111100111101011100100100100
10001111011101100100010101110001
01000001011101100010111100001100
00010100010100110111110111110111
01101100110000011001011110001010
01110000100101100100001001101000
00100010001010101000011100110010
00011011111111000100110100111110
11011101000010011101111011101001
11001110000011101010010010100100
10100001100000000001001101000001
00011101000011001101111010100011
01001101011111010001101110001101
11111011111011110000000001101010
01000011111100000101100101010101
01110000111111110000010010110111
10000000110001011110111110111001
11111111101001111000111100011001
11101001001001011101110011011110
10001000100001010111100100110001
00111100011100001111011001001011
00011100010100010011000001110001
11111101100000000000111000001110
00111100111011011110111110011100
11110001000110110110101001101111
10000010001111011011100101110101
11101000100010011011101010000101
01000010110000000111000001111100
00001111110001101100101111011000
10100010110110110001000001010010
11010111101001010011110011001001
00111111000010100011110111110001
10011110000001011110001101011000
00010111100001000000010100101100
01101001101100011011001001100111
10001000000101111101110100000101
01111100001111110010100011111001
01001110111000100110100001001001
01101010100000000010010011100010
00101111011110001010001011010110
00011010100100001100111100110110
00011000010100011010110101101100
00111001011010000111010100011101
10000100010101011000010101010101
00000011000111000101111010000110
00001001010011111101110011001000
01011000101000010101011100010011
00101101110010110000001010100101
11000000000010111110000111000101
01000100101100100100111101001101
01001101100111110110000110100000
01110000001001000001011010001101
01000111001001110111010101011110
00001100011000111110100011000101
11111111000100101010001110111001
10111110001100100001101001010010
11001101011110111100100000101110
01100010000100000010010000111110
11010011100111110110101010011001
11100100100110111011100011010100
11000000101001010010010010101111
00111001000111110100010110110101
11111110111111111010011101010111
10100111100011100011100000101000
10101110100101000111100010000110
00100110111011000001010010100010
11010100110100001001110000010001
00011111100001000111111101111011
10001111111010001101000000000110
10010001010101111010001111101110
01110011101010011110000101000111
10101101000100011000100110111101
00000111010111101001001110011001
10101010110110010101110111110001
10010001101000101011010100001010
00010100001001110011010001100110
00010110001110011001110110100000
11011111001110100111111101010000
01001101111010001101111100000110
11101010000101010011101100001011
11101100111001000111101111011100
11100001100010110101110111011111
01111000001100000000100001001010
00000110010010111011001101101001
00011010100000100000010011110000
10100101101111010000100110100011
01000110011110110011011001100011
11100011111001000001000000100010
10010011101101111101011100111001
10110111001100110101010110111000
10111111001100101011011111111111
01111011101000010111101101001001
11110110110000001100011001000000
00001011101000010110011010100001
10011111101010110110101100111111
10011110101011100000011100011110
10110100000000110000100010111010
01111111110011101111111011001101
10001011011001100001110000001101
10000110100000001001010110101101
11111001011111011001110011111101
11010111010000101100110100000100
01001101110000111101111001000011
11111111000010011101111001011111
11100000000111001010100111001011
11010111010110011011011101101011
01100100101110110100110100000001
00110001111010001110001101101010
00101111011110010111010000010100
11100001110000101001111001101000
00101101000100111011101011111000
10001011100110001111000101011101
11100111101101001011011101010010
11110000011100111111111110110000
11100100011010001101110010101000
11010110000000110010001011101101
01101100111010000110001011001010
00011111010001110101001000110101
01000010011101000010101100111110
10001111110010000101110101001111
00100011110000000101000110001111
00010101011110111000000110000100
10010010010001011111111100010000
01100101000011010001000110111110
00111011000101011011100101011111
00001011110000000000010011001000
11011101110111011011101110011010
00011001010000100111011010110001
10101101111101001110000110001101
11111111010010000010000101001000
00101100011101100110111011000111
10110011010101101111010111001001
01110000100100111011010001000101
11000010111001100001111111111111
00110010000101010101110001100011
01101110111101100101111001100011
11100100000000110011111111000101
01101011110101111111100011101000
00001101010111011100100010000001
10001011110001010011010011101000
01000100110110100100100111111111
00001101110100001100000011001001
01101010001001101011000101011111
00001000010010111001111100010100
11010111010011111100100010011111
10010111101111011101010001000110
01000100010111100101010011111101
11010001111011101111000110101100
10100101010000101000010000010010
11011000101010000101011010101101
10011110000101110010011011111111
00001110011001110100010001101001
01010010101011111101100000011101
01000101101000111011010000110010
11011111000011000110010101001011
10101110001100001110010001000000
00010010011111001110010010010000
11110000111100110110100001111011
10110110011110101001100010101101
10100101001101100000110010011010
01100101110111101110000111000111
00111110101000111100000110101001
00010110011101110000101100001011
10011101001010010111001001111101
11100010110111001010001001011100
00110011100011010111000101100100
11110000101111000101101100000001
10010110111101000000111011110011
01101110100100011011111000110000
01101011111001101000000111000010
11010010111111011001001100100011
11100000011111010000111000001000
11010100000111011100000111100100
10001011111100110110111101100100
00101011001010101110101111010011
10101111110010110000011000001011
11011111000100111101111110111101
01101011011010000010111000100000
11001101011000011011110010000101
10100100000011110111100001111110
11000100000000001100110110100101
01110001010101111000000010111010
11000111111010101110100111111010
00100000010001101010011001101111
01000101000001011100111100111011
00111111111000110011011010101110
11010001100001101000101001010010
10000100000111100111110111011001
10000110110111011001100011110010
00011111100111000100011000000101
10101111010101010110001111000010
11101101011110110000010110110011
11111010000100111110101111000100
11000000001101000111011111101101
11011001110011010001000010110101
00000101101010000111001010101011
11000000001001010000111110011000
00011011111011111101110101011110
11110000010100111100100010010011
01010110101010101011001011111011
00110000010100000101010100000010
01101110010000110100110100100010
01100010111011100011101101110010
11001110100101100111001100000011
01101001110001011010101011010000
10001010010101000101111100000000
01001111110011101000000101000100
11001010011100110011111101111010
10110111111000110111100111100001
01000010101101000001111000100100
01001110110000111110010100111110
10101001011001110101010111101101
00101000001111101100110101000101
01011111000110111001001100100111
10000101101101011011001000111011
10000001010000111111001000010111
01000010010001001101011001101000
01010110011100001100111010011101
10100010101010111110101010010101
10111010101101101111100000010100
01011110000100001100101110110011
01111010011000101000010010110101
10110011101001010100110101110011
10010011110111101101100000110100
00110000100100011110101100100001
11101011100101110010111000001101
10100010011101010001010100110110
10011111110111111111001111110001
01110111110101100110001111100010
10100010101101011110001000100001
01111011010011011010101010101111
01101111001110111011111001011100
10101010110001110011100000110010
10011001001000000110011111001101
01010001100001001111111011011110
11010001000111001101100110010101
00110000101100000100010011010010
11011111100100011011000001001101
00111000100001110101010011001100
11001010001101011110011110110000
10100001000100000010101100101111
00101100111101100101100001101111
00001100110101110010001110110010
11010001110010111101101101110011
00001010101011101010011011010100
11111010001101110110010101111011
00100110111010001001101101100100
01011101000001010000101100100000
11110101100111011110000000010011
00110001101011100001010001111101
00111111110111101011100000100111
10011110010110011100000000011100
11011101011010000001110101011101
00001111101011000000101010011111
11100011010001010110011100110011
11111111011010001101010010011100
00000011010111101001111011101001
10100111100000000011111000010101
11110101011101010001100101010100
01110011000011110010100110010100
10100011110101011101100111110011
01110101011111110111000100110000
10010001010110101101000101100101
11100001111110010011010011101100
01111111011100010010100010001001
01010110011010000111100011110011
01110101011010100111011001110100
00111110100001011000101011000111
01110011011011100101000111001101
00000011110111000010000110111100
10000011100101100110101000001001
01000010011100011101011110011011
01011101100011011100000111011100
00001001101100010101100000100101
11010010111001100001010101010000
10001000001110111111000011010010
10110110011110111010000000010111
00000000001111101001111001110000
00111101111110110101101101001011
10111011100000001111100111101111
11010101001101110000000110101001
11110000001110000101001110010001
10010100111111100010101101001110
10100000000111101000101101010111
11110100110101110011001111010001
01110010100000101110100110000010
11101001110100011110010010011101
01000101001100111010101010011101
11010100010010011111101010001111
10000101111011100101011110001111
10001000110000110000001010100011
11110010001010011111101111100000
01100110111010101011001010010100
10010001011110011110111111010110
01111001010111010000111001100001
11011100110000010011100101001100
11101000010110001100100111101110
11010110101100011010101000001101
10010100011001110100111001100011
11001011011101101000100011111101
10001000110111101001001110000111
10111000110010111010000010000111
00100100000010011011000101010110
10100111111000000000001111010000
01001110001110101000011100001100
10010001110101100111011000101010
10111000000010010110110010001110
10101001001010110001001011000011
11111001110001101011000110000001
01001001010110011000000101011111
10010110100001110101111010100100
00000110111111000001010011100111
11011010111001001110100001100101
01011011111101101001100100001101
11111010010000111110111110100100
10110010101100100110000011001001
10000100010001010111101110111100
00101011110101001100100010000000
01001000001011011111011010001111
10000001001000010001100100100011
11111110001111001011100100011000
01111011010011011101010101010001
00111010000111001011000011001101
10011001110111000100001100011110
00110101110011100010001110000010
11111000001000110110111000111100
01011101101000101000001010000111
11100111110110111101000010100000
10100111101110110001100101000011
00000100001110111100101011100000
10100110010111110110101010111110
10111001101000011111101101110101
11111001111110001010110100111010
11100101000001100101011000000010
10100110001110100000111110100110
01111110011011001110000111111000
11010101011101110010001111000001
01101001010110111010101011001001
10001100101010000111001110010011
11110001000000011011011101101001
00010101000010100001100001011101
10010011000001111011101111011000
00010100100111011111101011000010
00011000101001011001010011100100
00110100011011011110101010110000
11000010101001101101111101100010
10011110000100000101111101000000
10010100000011101100010110010000
10011101011001000111001000011110
01011001000010101100000000110010
10111101010010010100010111001110
01001110001010100100001100111111
00001011011111110110100100100000
10011011000001011101110010110111
11111011101101100111010010111110
11010011101011000111000100101010
11111101011000100100110011100011
01010111101111101111010001111101
01100000000111000110111001011111
01110010001111011011011011010110
11110101011101101000010001010011
00101010000000101101011101010001
00000111001010001010010100100111
01000101000001110000110011000110
00101100000011100111101111010111
11110011110100000100100111010001
00110101101010111001101010011100
00111001000011110111111100001100
01000010110101001001110001000110
00101011111011100011000111101110
00000001011010000011101111010111
11011110011001111100111000010011
00101100101001100111011100001010
00101011010000110110110100010101
10100101110001000101001001001101
11011101100001011100101000110001
01011011000010100100010011001111
01001011111001001011101110000100
00101000001001010110100010001100
00101010111000111010010111100100
01011100100000111010101111011001
01100110100010001110000000110001
10010101000011110000000010101011
10000000111111110001011110000010
10111111110110010110111101011001
11111100110101111111011111000101
01010001010000110001010000111100
00111001000010011110010111000111
11100000001111111010101101111010
10011000111011110011100001100010
00010001100111110110110100011111
10110110111101110111010110111001
01100011011010001010010011001010
01100011010110101000010110100001
11001010110100000101111010001111
01110101110010100000111101000010
01101100101100000111010110001110
01111010000100100011001001011010
10111001011100010111011001100100
11110011111100000001110110010110
00001101011011100110100000100111
00000111000101001011011110011001
00111100100000010000100011000001
10101001100010111101001110101010
11100101011101000111100000011011
00001110110111000001010000111110
00000010010011000111001010110010
10010111110000111111100010011000
11111100101010111001011001000110
11000011000011100000111011010100
01111101101110110011111000101000
11011100101011011100010001000111
10111111111001000001010110000010
00100110000111010110011001011001
00111000100000010110101001101110
10000011000111000110001001011101
10100111000100110101001011111101
11101110011010111011111011101110
11001011001101010100101000110001
00011001101100100100100101011010
11001111111101001000101110101010
00010000100010001010101100011110
00010001010001101001011110011111
11111011100101111111001100011100
00111101000000000111001010011000
00101001001000010100111101100010
11000011010000011100111011101101
00110110011100101010101001010100
01101100111011111100110100011010
01101100111011011000111101101001
11111001001100000111011010011110
00000101101011110110011111100100
00111110010110101011000001011100
10000001000101101111111000010100
11111011011110100011101101001100
11010010001101100001111010110011
11100110110011111100101101000101
10100100110100100111010000111000
01010101010001000001100000111110
10110100011110101001001101100000
11010010010011111111111001100010
01000000110101011100100111111000
11001000011001010101011100001001
01001100111000101000101100010011
01001110000010110001101100101010
01001000010011101101010110011101
11011100101010010110000111011001
11111001110001001101100011100011
00010010110111111101110101110001
10110001011111001011001111010100
01101110001110010100111100010111
10101000111110001010000001010110
10011010010111110001001101110011
01100000000001100111111010111101
01001110110110110001110100010000
01001101001000001111100100100101
11010011111010111001101011011001
01000101000011010111101111001110
01110100000010111011110000110010
00010110000001100001010101101001
10000001101101011010101011111111
11011011111011101111100001001001
00011011011010101011110011101000
01000101010101100001011001001100
00010100101000001001111010101111
10000101110110100000001100111110
11000110011011110011000101101000
01000000000100010001011000101011
01111110111101100010100100000111
01001111100101111010000110010101
11111011100011000001111010100111
11001111111111010101010110010000
01110000110111111011001101101111
11010011110110101011010001000101
11100010111000000100110100100001
00000110110111010100100110000000
11001011101111000100011101101000
11101101101101010000110000111001
10111101001110111111101111101000
11010110000010000010000001000010
01110101000101001000110011001011
00110000000001000101001100110111
01111111100000111100111010011001
00101100011011101001000010100100
01001101100100000110001111101000
11110111111100111001010101011001
01100101100000100001000001110101
10100001000110011011010100001011
00100001101010010010001110101010
10011100110001010111101111010010
10000110111111110011000000001010
00111111101100101000000010010100
10100111101111110111101110011011
10110100010001010010111111110011
11010000111101010111111000101100
01000010101110100101011111011111
00001100000000010100010100110110
00100011011110100100101010000111
01010110011101100101011111011010
01101111110101001000000011110000
00000001001010111001111111000010
01001101001111011101100111111100
10101111011101010001001101010100
01010011000001010101100000010101
11100101111000011011100101110000
01000001001001101010011001100101
00000001010011010101001001101010
00011011100010001001011111110001
10000111001011010100010100000010
01010000010101101001110110100001
01001101111101110001011011100111
10000110000110111011010001001011
11000111010111010111111000010101
11001001011000100110111111010101
01111001001001110101011010110110
11110110101001100101010111001110
01011010010101101011010010001101
10010001111011110010011110011110
00001011110101100000000100111001
00011101111110101101010000100111
10000001111110001011011110000010
10110001100101101100100101110100
01101000100001100101010000110001
11011010100110110111001000011110
01011101111100010000111100001010
10001010101010101111010011001110
01111111010100000010001000001001
10011011101001100001101001011001
01010111001001111000100110001001
11110100001111111101111101110010
10110001101110011011000011011011
11100010010111010010010100010001
10010011011100101000001000101010
00110110000001100010001101101000
00000110101100000000011110001111
10111011010001101010100101000010
01000111000111111111110011010011
00001010011100001001110110011100
01100010011101110110101100100100
